2 0 0 3 0.01 40 0
2 0 0 3 0.01 40 0
2 0 0 3 0.01 40 0
2 0 0 3 0.01 40 0
2 0 0 3 0.0222222 20 0
2 0 0 3 0.117647 20 0
2 0 0 3 0.01 40 0
2 0 0 3 0.01 40 0
2 0 0 3 0.01 40 0
2 0 0 3 0.01 40 0
2 0 0 3 0.0454545 20 0
2 0 0 3 0.0318471 20 0
2 0 0 3 0.01 40 0
2 0 0 3 1.42857 20 0
2 0 0 3 0.01 40 0
2 0 0 3 0.01 40 0
2 0 0 3 0.01 40 0
2 0 0 3 0.01 40 0
2 0 0 3 0.01 40 0
2 0 0 3 0.526316 20 0
2 0 0 3 0.0490196 20 0
2 0 0 3 0.208333 20 0
2 0 0 3 0.01 40 0
2 0 0 3 0.01 40 0
2 0 0 3 0.0645161 20 0
2 0 0 3 0.0625 20 0
2 0 0 3 0.01 40 0
2 0 0 3 0.0255754 20 0
2 0 0 3 0.0255102 20 0
2 0 0 3 0.0193648 20 0
2 0 0 3 0.01 40 0
2 0 0 3 0.01 40 0
2 0 0 3 0.01 40 0
2 0 0 3 0.01 40 0
2 0 0 3 0.01 40 0
2 0 0 3 0.01 40 0
2 0 0 3 0.0209644 20 0
2 0 0 3 0.01 40 0
2 0 0 3 2.5 20 0
2 0 0 3 0.0164745 20 0
2 0 0 3 0.01 40 0
2 0 0 3 0.01 40 0
2 0 0 3 0.01 40 0
2 0 0 3 0.01 40 0
2 0 0 3 0.0396825 20 0
2 0 0 3 0.25 20 0
2 0 0 3 0.01 40 0
2 0 0 3 0.01 40 0
2 0 0 3 0.01 40 0
2 0 0 3 0.01 40 0
2 0 0 3 0.277778 20 0
2 0 0 3 0.01 40 0
2 0 0 3 0.01 40 0
2 0 0 3 0.01 40 0
